lon_min = 113.57048543689321
lon_max = 114.6695145631068
lat_min = 22.0109009009009
lat_max = 22.8090990990991
anchor_lon = 114.12
anchor_lat = 22.41
